// bi.x shadow map
[shadowmap]
28;
5.664129;0.082558;0.000000;,
5.753740;1.292298;0.000000;,
5.619324;1.262428;0.000000;,
3.244649;1.531259;0.000000;,
1.497247;1.650740;0.000000;,
1.512182;1.277363;0.000000;,
5.634259;1.605935;0.000000;,
3.946597;1.531259;0.000000;,
3.737507;0.082558;0.000000;,
1.332962;1.277363;0.000000;,
1.362832;0.127364;0.000000;,
3.438805;0.052688;0.000000;,
3.513481;-0.126533;0.000000;,
3.662831;-0.111598;0.000000;,
3.453740;2.696194;0.000000;,
3.752442;2.726064;0.000000;,
4.260234;3.517622;0.000000;,
4.125818;3.637103;0.000000;,
3.647896;3.577363;0.000000;,
4.334909;3.398142;0.000000;,
4.275169;3.144246;0.000000;,
4.125818;2.979960;0.000000;,
3.946597;2.785805;0.000000;,
3.155039;2.950090;0.000000;,
3.199844;3.637103;0.000000;,
3.050494;3.159181;0.000000;,
2.990753;3.353337;0.000000;,
3.020624;3.502687;0.000000;;

26;
3;0,1,2;,
3;3,4,5;,
3;2,6,7;,
3;8,0,2;,
3;8,2,7;,
3;5,9,10;,
3;5,10,11;,
3;3,5,11;,
3;11,12,13;,
3;11,13,8;,
3;3,11,8;,
3;3,8,7;,
3;14,3,7;,
3;14,7,15;,
3;16,17,18;,
3;19,16,18;,
3;20,19,18;,
3;21,20,18;,
3;22,21,18;,
3;15,22,18;,
3;14,15,18;,
3;23,14,18;,
3;23,18,24;,
3;25,23,24;,
3;26,25,24;,
3;26,24,27;;
